400	410
410	420
420	430
430	440
440	450
450	460
460	470
470	480
480	490
490	500
500	510
510	520
520	530
530	540
540	550
550	560
560	570
570	580
580	590
590	600
600	610
610	620
620	630
630	640
640	650
650	660
660	670
670	680
680	690
690	700
700	710
710	720
720	730
730	740
740	750
750	760
760	770
770	780
780	790
790	800
800	810
810	820
820	830
830	840
840	850
850	860
860	870
870	880
880	890
890	900
900	910
910	920
920	930
930	940
940	950
950	960
960	970
970	980
980	990
990	1000
1000	1010
1010	1020
1020	1030
1030	1040
1040	1050
1050	1060
1060	1070
1070	1080
1080	1090
1090	1100
1100	1110
1110	1120
1120	1130
1130	1140
1140	1150
1150	1160
1160	1170
1170	1180
1180	1190
1190	1200
